---- Frame 0 ----
0.0000
0.2032
0.3825
0.5164
0.5894
0.5926
0.5258
0.3968
0.2209
0.0189
-0.1854
-0.3677
-0.5066
-0.5856
-0.5953
-0.5346
-0.4107
-0.2383
-0.0377
0.1674
0.3527
0.4963
0.5811
0.5973
0.5429
0.4243
0.2555
0.0565
-0.1492
-0.3372
-0.4854
-0.5762
-0.5988
-0.5507
-0.4374
-0.2724
-0.0752
0.1309
0.3215
0.4741
0.5706
0.5997
0.5579
0.4501
0.2891
0.0939
-0.1124
-0.3054
-0.4623
-0.5645
-0.6000
-0.5645
-0.4623
-0.3054
-0.1124
0.0939
0.2891
0.4501
0.5579
0.5997
0.5706
0.4741
0.3215
0.1309
-0.0752
-0.2724
-0.4374
-0.5507
-0.5988
-0.5762
-0.4854
-0.3372
-0.1492
0.0565
0.2555
0.4243
0.5429
0.5973
0.5811
0.4963
0.3527
0.1674
-0.0377
-0.2383
-0.4107
-0.5346
-0.5953
-0.5856
-0.5066
-0.3677
-0.1854
0.0189
0.2209
0.3968
0.5258
0.5926
0.5894
0.5164
0.3825
0.2032
0.0000
-0.2032
-0.3825
-0.5164
-0.5894
-0.5926
-0.5258
-0.3968
-0.2209
-0.0189
0.1854
0.3677
0.5066
0.5856
0.5953
0.5346
0.4107
0.2383
0.0377
-0.1674
-0.3527
-0.4963
-0.5811
-0.5973
-0.5429
-0.4243
-0.2555
-0.0565
0.1492
0.3372
0.4854
0.5762
0.5988
0.5507
0.4374
0.2724
0.0752
-0.1309
-0.3215
-0.4741
-0.5706
-0.5997
-0.5579
-0.4501
-0.2891
-0.0939
0.1124
0.3054
0.4623
0.5645
0.6000
0.5645
0.4623
0.3054
0.1124
-0.0939
-0.2891
-0.4501
-0.5579
-0.5997
-0.5706
-0.4741
-0.3215
-0.1309
0.0752
0.2724
0.4374
0.5507
0.5988
0.5762
0.4854
0.3372
0.1492
-0.0565
-0.2555
-0.4243
-0.5429
-0.5973
-0.5811
-0.4963
-0.3527
-0.1674
0.0377
0.2383
0.4107
0.5346
0.5953
0.5856
0.5066
0.3677
0.1854
-0.0189
-0.2209
-0.3968
-0.5258
-0.5926
-0.5894
-0.5164
-0.3825
-0.2032
0.0000
0.2032
0.3825
0.5164
0.5894
0.5926
0.5258
0.3968
0.2209
0.0189
-0.1854
-0.3677
-0.5066
-0.5856
-0.5953
-0.5346
-0.4107
-0.2383
-0.0377
0.1674
0.3527
0.4963
0.5811
0.5973
0.5429
0.4243
0.2555
0.0565
-0.1492
-0.3372
-0.4854
-0.5762
-0.5988
-0.5507
-0.4374
-0.2724
-0.0752
0.1309
0.3215
0.4741
0.5706
0.5997
0.5579
0.4501
0.2891
0.0939
-0.1124
-0.3054
-0.4623
-0.5645
-0.6000
-0.5645
-0.4623
-0.3054
-0.1124
0.0939
---- Frame 1 ----
0.1492
0.3372
0.4854
0.5762
0.5988
0.5507
0.4374
0.2724
0.0752
-0.1309
-0.3215
-0.4741
-0.5706
-0.5997
-0.5579
-0.4501
-0.2891
-0.0939
0.1124
0.3054
0.4623
0.5645
0.6000
0.5645
0.4623
0.3054
0.1124
-0.0939
-0.2891
-0.4501
-0.5579
-0.5997
-0.5706
-0.4741
-0.3215
-0.1309
0.0752
0.2724
0.4374
0.5507
0.5988
0.5762
0.4854
0.3372
0.1492
-0.0565
-0.2555
-0.4243
-0.5429
-0.5973
-0.5811
-0.4963
-0.3527
-0.1674
0.0377
0.2383
0.4107
0.5346
0.5953
0.5856
0.5066
0.3677
0.1854
-0.0189
-0.2209
-0.3968
-0.5258
-0.5926
-0.5894
-0.5164
-0.3825
-0.2032
0.0000
0.2032
0.3825
0.5164
0.5894
0.5926
0.5258
0.3968
0.2209
0.0189
-0.1854
-0.3677
-0.5066
-0.5856
-0.5953
-0.5346
-0.4107
-0.2383
-0.0377
0.1674
0.3527
0.4963
0.5811
0.5973
0.5429
0.4243
0.2555
0.0565
-0.1492
-0.3372
-0.4854
-0.5762
-0.5988
-0.5507
-0.4374
-0.2724
-0.0752
0.1309
0.3215
0.4741
0.5706
0.5997
0.5579
0.4501
0.2891
0.0939
-0.1124
-0.3054
-0.4623
-0.5645
-0.6000
-0.5645
-0.4623
-0.3054
-0.1124
0.0939
0.2891
0.4501
0.5579
0.5997
0.5706
0.4741
0.3215
0.1309
-0.0752
-0.2724
-0.4374
-0.5507
-0.5988
-0.5762
-0.4854
-0.3372
-0.1492
0.0565
0.2555
0.4243
0.5429
0.5973
0.5811
0.4963
0.3527
0.1674
-0.0377
-0.2383
-0.4107
-0.5346
-0.5953
-0.5856
-0.5066
-0.3677
-0.1854
0.0189
0.2209
0.3968
0.5258
0.5926
0.5894
0.5164
0.3825
0.2032
0.0000
-0.2032
-0.3825
-0.5164
-0.5894
-0.5926
-0.5258
-0.3968
-0.2209
-0.0189
0.1854
0.3677
0.5066
0.5856
0.5953
0.5346
0.4107
0.2383
0.0377
-0.1674
-0.3527
-0.4963
-0.5811
-0.5973
-0.5429
-0.4243
-0.2555
-0.0565
0.1492
0.3372
0.4854
0.5762
0.5988
0.5507
0.4374
0.2724
0.0752
-0.1309
-0.3215
-0.4741
-0.5706
-0.5997
-0.5579
-0.4501
-0.2891
-0.0939
0.1124
0.3054
0.4623
0.5645
0.6000
0.5645
0.4623
0.3054
0.1124
-0.0939
-0.2891
-0.4501
-0.5579
-0.5997
-0.5706
-0.4741
-0.3215
-0.1309
0.0752
0.2724
0.4374
0.5507
0.5988
0.5762
0.4854
0.3372
0.1492
-0.0565
-0.2555
-0.4243
-0.5429
-0.5973
-0.5811
-0.4963
-0.3527
-0.1674
0.0377
0.2383

